T_lidar_camera (camera is reference ^C_P=T_LC* ^L_P):
 -0.282004  -0.161471   0.945728   0.300301
  0.959234 -0.0283867   0.281185 -0.0152213
-0.0185571   0.986469   0.162894 -0.0472256
         0          0          0          1

T_lidar_camera Quaternion ([x, y, z, w]):
0.381932
0.522189
0.606895
0.461655

T_camera_lidar:
 -0.282004   0.959234 -0.0185571  0.0984106
 -0.161471 -0.0283867   0.986469  0.0946445
  0.945728   0.281185   0.162894   -0.27203
         0          0          0          1

T_camera_lidarQuaternion:
 0.381932
 0.522189
 0.606895
-0.461655
