T_lidar_camera (camera is reference ^C_P=T_LC* ^L_P):
  -0.278581   -0.162994    0.946481    0.224235
   0.960371  -0.0380605    0.276115  0.00645134
-0.00898156    0.985893    0.167138  -0.0701589
          0           0           0           1

T_lidar_camera Quaternion ([x, y, z, w]):
0.384819
0.518021
0.609052
0.461112

T_camera_lidar:
  -0.278581    0.960371 -0.00898156   0.0556418
  -0.162994  -0.0380605    0.985893    0.105964
   0.946481    0.276115    0.167138   -0.202289
          0           0           0           1

T_camera_lidarQuaternion:
 0.384819
 0.518021
 0.609052
-0.461112
