T_lidar_camera (camera is reference ^C_P=T_LC* ^L_P):
  -0.278446   -0.162641    0.946581
   0.960423  -0.0394737    0.275735
-0.00748092    0.985895    0.167196

T_lidar_camera Quaternion ([x, y, z, w]):
0.385302
0.517633
0.609327
0.460781

T_camera_lidar:
  -0.278446    0.960423 -0.00748092
  -0.162641  -0.0394737    0.985895
   0.946581    0.275735    0.167196

T_camera_lidarQuaternion:
 0.385302
 0.517633
 0.609327
-0.460781
