T_lidar_camera (camera is reference ^C_P=T_LC* ^L_P):
  -0.276039   -0.161927    0.947408     0.18311
   0.961115  -0.0385253    0.273448   0.0187455
-0.00777932    0.986051    0.166264  -0.0748655
          0           0           0           1

T_lidar_camera Quaternion ([x, y, z, w]):
0.386077
0.517506
0.608447
0.461438

T_camera_lidar:
  -0.276039    0.961115 -0.00777932   0.0319465
  -0.161927  -0.0385253    0.986051    0.104194
   0.947408    0.273448    0.166264   -0.166158
          0           0           0           1

T_camera_lidarQuaternion:
 0.386077
 0.517506
 0.608447
-0.461438
