T_lidar_camera (camera is reference ^C_P=T_LC* ^L_P):
 -0.281695  -0.161392   0.945833   0.303231
  0.959308 -0.0274761    0.28102 -0.0124868
-0.0193665   0.986508   0.162564  -0.043405
         0          0          0          1

T_lidar_camera Quaternion ([x, y, z, w]):
0.381843
0.522411
0.606576
0.461896

T_camera_lidar:
 -0.281695   0.959308 -0.0193665  0.0965567
 -0.161392 -0.0274761   0.986508  0.0914152
  0.945833    0.28102   0.162564   -0.27624
         0          0          0          1

T_camera_lidarQuaternion:
 0.381843
 0.522411
 0.606576
-0.461896
