T_lidar_camera (camera is reference ^C_P=T_LC* ^L_P):
  -0.280652    -0.16402    0.945691    0.227952
   0.959775  -0.0396099    0.277962 -0.00465525
-0.00813253    0.985662    0.168539  -0.0790898
          0           0           0           1

T_lidar_camera Quaternion ([x, y, z, w]):
0.384194
0.517809
0.610082
 0.46051

T_camera_lidar:
  -0.280652    0.959775 -0.00813253      0.0678
   -0.16402  -0.0396099    0.985662     0.11516
   0.945691    0.277962    0.168539   -0.200948
          0           0           0           1

T_camera_lidarQuaternion:
0.384194
0.517809
0.610082
-0.46051
