T_lidar_camera (camera is reference ^C_P=T_LC* ^L_P):
  -0.277681   -0.161416    0.947015    0.206273
   0.960656  -0.0407025    0.274743    0.013106
-0.00580207    0.986047    0.166368  -0.0694658
          0           0           0           1

T_lidar_camera Quaternion ([x, y, z, w]):
0.386217
0.517352
0.609252
 0.46043

T_camera_lidar:
  -0.277681    0.960656 -0.00580207   0.0442847
  -0.161416  -0.0407025    0.986047    0.102326
   0.947015    0.274743    0.166368   -0.187387
          0           0           0           1

T_camera_lidarQuaternion:
0.386217
0.517352
0.609252
-0.46043
