T_lidar_camera (camera is reference ^C_P=T_LC* ^L_P):
  -0.275691    -0.15989    0.947855    0.182825
   0.961222  -0.0389093    0.273016   0.0224072
-0.00677216    0.986368    0.164417  -0.0665493
          0           0           0           1

T_lidar_camera Quaternion ([x, y, z, w]):
0.386911
0.517775
0.608074
0.460927

T_camera_lidar:
  -0.275691    0.961222 -0.00677216   0.0284142
   -0.15989  -0.0389093    0.986368   0.0957458
   0.947855    0.273016    0.164417   -0.168467
          0           0           0           1

T_camera_lidarQuaternion:
 0.386911
 0.517775
 0.608074
-0.460927
