T_lidar_camera (camera is reference ^C_P=T_LC* ^L_P):
 -0.276983  -0.160913   0.947305
  0.960842 -0.0381898   0.274454
-0.0079859   0.986229    0.16519

T_lidar_camera Quaternion ([x, y, z, w]):
 0.38601
0.518074
0.608351
0.460982

T_camera_lidar:
 -0.276983   0.960842 -0.0079859
 -0.160913 -0.0381898   0.986229
  0.947305   0.274454    0.16519

T_camera_lidarQuaternion:
  0.38601
 0.518074
 0.608351
-0.460982
