T_lidar_camera (camera is reference ^C_P=T_LC* ^L_P):
   -0.27657    -0.16046    0.947503
   0.960983  -0.0414811     0.27348
-0.00457913     0.98617    0.165672

T_lidar_camera Quaternion ([x, y, z, w]):
0.387053
0.517063
0.609041
0.460332

T_camera_lidar:
   -0.27657    0.960983 -0.00457913
   -0.16046  -0.0414811     0.98617
   0.947503     0.27348    0.165672

T_camera_lidarQuaternion:
 0.387053
 0.517063
 0.609041
-0.460332
