T_lidar_camera (camera is reference ^C_P=T_LC* ^L_P):
  -0.278521   -0.162852    0.946523    0.221924
   0.960393  -0.0385758    0.275965  0.00362585
-0.00842862    0.985896    0.167146  -0.0713371
          0           0           0           1

T_lidar_camera Quaternion ([x, y, z, w]):
0.385003
 0.51788
0.609148
0.460991

T_camera_lidar:
  -0.278521    0.960393 -0.00842862   0.0577268
  -0.162852  -0.0385758    0.985896    0.106612
   0.946523    0.275965    0.167146   -0.199133
          0           0           0           1

T_camera_lidarQuaternion:
 0.385003
  0.51788
 0.609148
-0.460991
