T_lidar_camera (camera is reference ^C_P=T_LC* ^L_P):
  -0.278574   -0.160581    0.946895      0.2138
   0.960401  -0.0412297    0.275555  0.00815227
-0.00520873    0.986161    0.165708  -0.0646561
          0           0           0           1

T_lidar_camera Quaternion ([x, y, z, w]):
0.386312
0.517599
0.609408
0.459865

T_camera_lidar:
  -0.278574    0.960401 -0.00520873   0.0513929
  -0.160581  -0.0412297    0.986161   0.0984297
   0.946895    0.275555    0.165708   -0.193979
          0           0           0           1

T_camera_lidarQuaternion:
 0.386312
 0.517599
 0.609408
-0.459865
