T_lidar_camera (camera is reference ^C_P=T_LC* ^L_P):
  -0.278692   -0.161304    0.946738    0.196964
   0.960362  -0.0406852    0.275771  0.00784065
-0.00596461    0.986066    0.166249    -0.06909
          0           0           0           1

T_lidar_camera Quaternion ([x, y, z, w]):
0.385923
0.517629
0.609431
0.460128

T_camera_lidar:
  -0.278692    0.960362 -0.00596461   0.0469504
  -0.161304  -0.0406852    0.986066    0.100217
   0.946738    0.275771    0.166249    -0.17715
          0           0           0           1

T_camera_lidarQuaternion:
 0.385923
 0.517629
 0.609431
-0.460128
