T_lidar_camera (camera is reference ^C_P=T_LC* ^L_P):
  -0.277371   -0.163251    0.946792    0.207936
    0.96072  -0.0378714    0.274922   0.0114521
-0.00902498    0.985857    0.167343  -0.0754635
          0           0           0           1

T_lidar_camera Quaternion ([x, y, z, w]):
0.385083
0.517725
0.608807
0.461546

T_camera_lidar:
  -0.277371     0.96072 -0.00902498   0.0459923
  -0.163251  -0.0378714    0.985857    0.108776
   0.946792    0.274922    0.167343   -0.187393
          0           0           0           1

T_camera_lidarQuaternion:
 0.385083
 0.517725
 0.608807
-0.461546
