T_lidar_camera (camera is reference ^C_P=T_LC* ^L_P):
 -0.281576  -0.160754   0.945977
  0.959286 -0.0245355   0.281368
-0.0220211   0.986689   0.161118

T_lidar_camera Quaternion ([x, y, z, w]):
0.381393
0.523432
0.605646
0.462333

T_camera_lidar:
 -0.281576   0.959286 -0.0220211
 -0.160754 -0.0245355   0.986689
  0.945977   0.281368   0.161118

T_camera_lidarQuaternion:
 0.381393
 0.523432
 0.605646
-0.462333
