T_lidar_camera (camera is reference ^C_P=T_LC* ^L_P):
 -0.281337  -0.161497   0.945922   0.299948
  0.959408 -0.0271877   0.280707 -0.0108119
-0.0196159   0.986499   0.162591 -0.0431378
         0          0          0          1

T_lidar_camera Quaternion ([x, y, z, w]):
0.381857
0.522388
0.606448
0.462078

T_camera_lidar:
 -0.281337   0.959408 -0.0196159  0.0939133
 -0.161497 -0.0271877   0.986499  0.0907021
  0.945922   0.280707   0.162591  -0.273678
         0          0          0          1

T_camera_lidarQuaternion:
 0.381857
 0.522388
 0.606448
-0.462078
